93753
3758
13786
53870
3709
63821
3705
63812
3721
93727
93781
3722
3727
53888
53892
3737
13722
340
3720
13783
3812
3708
3712
3711
13713
63816
13754
3731
53899
13723
3703
13881
63844
13766
53878
53877
3736
3738
3810
93726
63801
53872
63811
93759
3723
63819
93719
63824
53890
93737
93782
63859
3702
63807
93729
93740
13714
63843
93747
231
3763
93765
93776
370
13776
93783
93785
93796
3713
93743
13733
153
3707
120
13702
13763
3706
3715
3735
3716
63827
93797
13741
93714
53881
93728
93736
53895
3710
13750
3718
63805
93798
3704
63806
3701
154
53818
367
13762
93760
93757
3714
13737
93741
13728
13868
3739
93775
416
93735
13773
13740
13769
274
3759
3809
210
93839
3847
3894
13897
13877
13882
3811
491
13893
463
3841
63855
13891
350
63813
337
394
273
252
13873
248
439
3820
13864
249
63829
13829
13869
13870
328
3888
355
53838
13874
53885
63881
53819
63856
13837
63835
63877
63848
53884
63834
63803
53863
53846
53817
352
339
93842
53882
3813
53873
3821
53883
63828
13878
63842
366
3875
128
335
63886
204
198
13880
13883
3742
13782
93831
13886
203
63826
197
217
13744
195
391
53850
194
53867
192
3858
93846
193